8 9
9 6 2 0
7 5 9 2
6 0 9 5
0 7 7 0
5 0 3 3
5 8 6 2
6 2 0 5
2 5 4 4
8 8 8 3
6 5 0 3
7 1 6 0
0 6 3 3
8 7 8 2
1 9 9 9
6 6 9 2
0 6 4 9
2 5 7 2
6 3 4 7
1 7 9 0
3 7 0 9
1 1 6 3
0 7 1 0
7 7 0 5
1 6 2 3
4 7 1 5
0 7 6 0
2 1 8 2
2 7 2 9
3 4 2 5
4 3 7 3
5 0 1 8
7 8 8 2
4 1 0 3
3 0 1 9
3 1 0 5
3 5 6 6
9 4 5 7
9 0 9 1
6 9 3 0
1 1 8 8
8 1 4 6
7 3 8 1
2 9 5 0
9 7 8 3
5 9 9 0
8 7 8 3
0 1 2 7
6 3 3 6
6 8 2 8
7 3 3 1
2 8 6 3
5 2 1 0
4 8 7 1
2 4 7 2
2 4 8 9
4 2 0 9
5 4 2 4
4 7 2 3
7 9 0 0
3 4 4 1
2 1 5 0
8 8 4 9
1 1 2 4
7 0 2 4
